p <- list(c(54.4020004272, 298.6530151367,  56.6119995117, 283.3739929199,  65.2620010376, 264.4719848633,  68.9710006714, 252.2129974365,  68.9710006714, 240.3350067139,  71.1900024414, 220.0630035400,  71.8359985352, 199.4440002441,  69.0159988403, 190.7969970703,  78.7050018311, 184.0780029297,  86.2659988403, 187.7019958496,  111.4369964600, 184.0189971924,  140.9010009766, 186.3869934082,  163.7819976807, 191.1970062256,  175.3809967041, 189.3569946289,  175.9819946289, 204.2189941406,  176.2270050049, 224.3320007324,  177.4149932861, 256.2650146484,  191.1280059814, 287.5620117188,  192.1900024414, 299.1279907227,  175.5070037842, 299.6340026855,  173.8609924316, 286.4700012207,  175.5070037842, 299.6340026855,  81.4639968872, 298.9869995117,  82.4990005493, 285.5379943848,  81.4639968872, 298.9869995117,  54.4020004272, 298.6530151367), 
c(117.3720016479, 213.0090026855,  114.9000015259, 217.3309936523,  116.2710037231, 225.2310028076,  128.1869964600, 225.2960052490,  130.2469940186, 217.9700012207,  124.6370010376, 211.6300048828,  117.3720016479, 213.0090026855), 
c(123.2470016479, 220.7870025635,  123.1620025635, 221.2599945068,  123.0009994507, 222.5480041504,  122.8799972534, 224.5610046387,  122.4779968262, 226.1309967041), 
c(162.3410034180, 206.0709991455,  162.1799926758, 207.4380035400,  164.2559967041, 207.4179992676,  164.1479949951, 205.9120025635,  163.1439971924, 205.5989990234,  162.3410034180, 206.0709991455), 
c(162.3410034180, 206.0709991455,  162.1799926758, 207.4380035400,  164.2559967041, 207.4179992676,  164.1479949951, 205.9120025635,  163.1439971924, 205.5989990234,  162.3410034180, 206.0709991455), 
c(119.0319976807, 215.4640045166,  117.9690017700, 218.9649963379,  120.7470016479, 220.4550018311,  127.0329971313, 219.6340026855,  125.4440002441, 215.3079986572,  119.0319976807, 215.4640045166), 
c(338.1390075684, 240.5559997559,  338.2070007324, 237.3350067139,  338.0610046387, 225.4989929199,  340.5239868164, 215.0690002441,  349.1730041504, 214.0240020752,  352.7980041504, 217.5809936523,  353.6960144043, 224.2030029297,  354.2569885254, 230.0390014648,  357.3200073242, 240.6190032959,  361.1350097656, 243.9570007324,  367.6130065918, 246.3130035400,  373.6740112305, 246.9869995117,  379.9590148926, 246.7619934082,  387.0429992676, 245.1320037842,  394.5490112305, 242.6100006104,  395.8959960938, 245.7519989014,  394.8859863281, 250.6909942627,  384.9939880371, 261.8869934082,  373.3590087891, 267.1019897461,  360.7669982910, 267.7500000000,  354.7059936523, 266.2909851074,  344.9599914551, 259.7999877930,  339.7789916992, 250.9149932861,  338.1390075684, 243.8110046387,  338.1390075684, 240.5559997559), 
c(343.6669921875, 225.0769958496,  343.2380065918, 226.3699951172,  343.7850036621, 226.6430053711,  343.6669921875, 225.0769958496), 
c(353.4609985352, 250.9080047607,  353.8080139160, 253.6089935303,  359.1950073242, 257.8739929199,  379.3980102539, 260.0060119629), 
c(357.0559997559, 267.3299865723,  357.0629882813, 271.6780090332,  356.8380126953, 281.2179870605), 
c(369.6600036621, 269.1870117188,  369.5209960938, 271.6780090332,  369.2959899902, 279.3099975586,  369.2959899902, 281.5549926758), 
c(338.0830078125, 235.8200073242,  330.1260070801, 235.6490020752,  328.2189941406, 234.5290069580,  332.4360046387, 233.5130004883,  333.2690124512, 232.3959960938,  329.3410034180, 229.5910034180,  328.2189941406, 227.2339935303,  335.6260070801, 227.4579925537,  337.9830017090, 227.7949981689,  338.0830078125, 229.9720001221,  338.0830078125, 234.8880004883,  338.0830078125, 235.8200073242))


coords <- lapply(p, function(x) matrix(x,ncol=2,nrow=length(x)/2,byrow = TRUE))

coords
library(glue)
points <- lapply(coords, function(c){
glue("[
     {x},
     {y}
],", x=c[,1], , y=c[,2])
  })
points[[1]]
tpl <- '{
  "type": "excalidrawlib",
  "version": 1,
  "library": [
    [
      {
        "id": "0_XIE6ywjyN5THEak0Jd4",
        "type": "draw",
        "x": -120.54110693992902,
        "y": -588.5252505330234,
        "width": 39.66930975211159,
        "height": 39.66930975211159,
        "angle": 0,
        "strokeColor": "#000000",
        "backgroundColor": "#ced4da",
        "fillStyle": "solid",
        "strokeWidth": 1,
        "strokeStyle": "solid",
        "roughness": 0,
        "opacity": 100,
        "groupIds": [],
        "strokeSharpness": "round",
        "seed": 1536238088,
        "version": 174,
        "versionNonce": 555069816,
        "isDeleted": false,
        "boundElementIds": null,
        "points": [
        @p@
        ],
        "lastCommittedPoint": null,
        "startBinding": null,
        "endBinding": null,
        "startArrowhead": null,
        "endArrowhead": null
      }
    ]
  ]
}'

# glue(tpl, p = points[[1]], .open = '@', .close = '@')

# s <- lapply(coords, function(x) paste(apply(x,1,function(r) paste0("[\n",r[1],",\n",r[2],"\n]\n")), collapse=',\n'))
# 
# cat(paste(s, sep='\n'), file='tmp.txt')
